%depth	d13C	d18O
0.15	1.09	2.75
0.24	0.95	2.8
0.3	1.16	2.78
0.45	1.08	2.79
0.66	1.09	2.78
0.75	0.92	2.75
0.78	1.01	2.77
0.81	0.98	2.58
0.84	1.2	2.59
1.05	1.29	2.83
1.11	1.15	2.79
1.14	1.17	2.79
1.2	0.84	2.94
1.29	0.86	2.93
1.35	1.22	2.75
1.38	1.22	2.77
1.41	0.92	2.78
1.44	0.82	2.75
1.53	0.98	2.78
1.56	1.1	2.83
1.62	1.27	2.74
1.65	1.26	2.8
1.71	1.1	2.66
1.8	1.26	2.8
1.94	0.35	3.05
2.15	1.03	2.8
2.24	1.02	2.82
2.27	0.63	2.73
2.3	1.15	2.88
2.36	1.07	2.84
2.39	1.01	2.77
2.45	1.06	2.8
2.51	0.81	2.83
2.57	0.97	2.96
2.64	0.93	2.84
2.67	1.17	2.94
2.76	0.9	3.01
2.79	0.92	2.91
2.82	0.94	2.87
2.85	0.68	2.77
2.88	0.96	3.08
2.91	0.38	3.23
2.98	0.94	3.08
3	1.02	3.26
3.03	1.04	3.5
3.06	1.07	3.47
3.12	1.15	3.69
3.15	0.92	3.5
3.18	1.08	3.54
3.21	0.82	3.52
3.24	1.09	3.55
3.27	0.93	3.54
3.3	0.86	3.44
3.36	1.1	4.27
3.39	0.82	4.27
3.45	1.16	4.55
3.48	1.08	4.46
3.51	0.53	4.43
3.54	1.02	4.36
3.57	1.03	4.31
3.6	0.92	4.33
3.63	1.13	4.5
3.66	1.04	4.38
3.69	1.06	4.4
3.72	0.99	4.31
3.75	0.83	4.48
3.78	0.88	4.47
3.81	0.8	4.44
3.87	0.87	4.05
3.9	1.07	4.39
3.93	1.24	4.19
3.99	1.34	4.25
4.05	1.22	4.2
4.08	1.27	4.29
4.14	0.98	4.26
4.17	1.32	4.27
4.26	1.31	4.21
4.29	1.1	3.99
4.32	1.28	4.19
4.5	1.48	4.24
4.53	1.5	4.28
4.56	1.27	4.25
4.62	0.81	3.92
4.65	1.38	4.36
4.68	-0.42	4.46
4.71	1.14	4.24
4.74	1.1	4.2
4.8	1.15	4.13
4.83	1.12	4.1
4.88	0.93	4.1
4.91	0.84	4.16
4.97	0.65	3.89
5	0.66	3.71
5.03	0.84	4
5.06	1.02	4.03
5.15	1.07	3.99
5.18	1.07	4.09
5.21	1.01	4.02
5.24	0.87	3.96
5.27	1.09	4
5.3	1.08	4.12
5.33	1.01	4.21
5.36	1.14	4.18
5.39	1.16	4.1
5.42	1	4.04
5.51	1.27	4.02
5.54	0.69	4.19
5.57	0.46	4.09
5.61	-0.11	4.17
5.64	0.92	3.88
5.67	0.93	3.97
5.7	1.18	3.97
5.73	1.09	4.1
5.76	0.91	3.86
5.79	1.14	3.8
5.82	1.09	3.85
5.85	1.11	3.85
5.88	1.1	3.64
5.91	1.2	4.02
5.94	1.19	3.88
5.98	1.13	3.98
6.03	1.02	3.94
6.06	1.03	3.95
6.09	0.98	4.02
6.12	1.3	4
6.15	0.69	3.95
6.18	1.2	3.98
6.21	1.34	3.9
6.24	1.08	3.9
6.33	1.29	3.77
6.45	1.26	3.68
6.51	1.13	3.76
6.51	1.4	3.84
6.54	1.23	3.74
6.57	1.15	3.8
6.6	0.98	3.84
6.63	1.02	3.6
6.69	0.98	3.66
6.72	0.98	3.72
6.75	0.93	3.84
6.78	0.74	3.69
6.81	0.94	4.04
6.84	1.24	4.02
6.87	0.85	3.68
6.9	1.08	3.95
6.93	1.09	3.95
6.96	1.19	4
6.99	1.14	3.88
7.05	1.08	3.78
7.08	1.14	3.74
7.11	0.73	3.63
7.14	1	3.8
7.2	1.09	3.68
7.23	0.88	3.84
7.26	0.61	4.05
7.29	0.77	3.68
7.32	0.78	4.27
7.35	0.71	4.16
7.38	0.88	4.13
7.41	0.9	4.1
7.44	0.56	4.02
7.47	0.97	3.61
7.47	0.82	4
7.53	1.01	4.16
7.59	0.71	4.3
7.63	0.97	4.09
7.65	0.83	4.15
7.68	1.16	4.03
7.74	1.31	3.91
7.77	1.15	3.83
7.83	1.01	3.67
7.86	0.95	4.19
7.89	0.76	4.04
7.95	1.26	3.93
7.98	0.8	3.83
8.04	1.21	3.96
8.14	1.32	3.58
8.25	1.27	3.52
8.28	1.02	3.58
8.34	1.17	3.56
8.37	1.11	3.38
8.43	1.06	3.58
8.46	1.08	3.55
8.49	1.26	3.62
8.55	1.27	3.69
8.58	1.13	3.69
8.64	1.13	3.68
8.67	1.3	3.7
8.73	1.24	3.66
8.76	1.01	3.55
8.82	1.26	3.91
8.85	1.32	3.69
8.88	1.17	3.58
8.94	1.38	3.57
9.03	1.05	3.56
9.06	1.06	3.54
9.09	1.21	3.49
9.12	1.11	3.34
9.15	1.14	3.34
9.18	1.03	3.28
9.24	1.03	3.38
9.27	0.78	3.32
9.33	1.24	3.7
9.36	1.14	3.41
9.39	1.08	3.97
9.45	1.31	3.52
9.48	1.19	3.49
9.54	1.04	3.71
9.57	1.2	3.77
9.63	1.3	3.76
9.66	1.26	3.73
9.69	1.34	3.85
9.72	1.15	3.71
9.75	1.39	3.66
9.78	1.17	3.55
9.82	1.18	3.57
9.84	1.03	3.64
9.87	0.96	3.72
9.96	1	3.56
10.05	1.04	3.62
10.14	1.12	3.41
10.23	1.06	3.44
10.29	1.13	3.53
10.35	1.02	3.34
10.44	1.14	3.53
10.47	0.96	3.54
10.53	1.14	3.32
10.59	1	3.26
10.63	1.15	3.39
10.77	1.03	3.76
10.89	1.01	3.31
10.95	1.16	3.6
11.16	0.94	3.42
11.25	1.39	3.5
11.28	1.26	3.44
11.37	1.29	3.44
11.43	1.21	3.42
11.53	1.01	3.39
11.55	0.93	3.51
11.58	0.97	3.59
11.64	1.08	3.54
11.73	0.91	3.59
11.76	1.02	3.62
11.82	0.6	3.47
11.85	0.81	3.37
11.88	0.86	3.5
11.97	0.78	3.29
12.12	1.05	3.75
12.15	0.87	3.73
12.18	0.94	3.84
12.24	0.91	3.66
12.34	1.2	3.74
12.4	1.15	3.55
12.46	1.07	3.35
12.49	1.07	3.56
12.55	1.11	3.35
12.67	0.93	3.29
12.76	1.04	3.21
12.85	0.99	3.06
12.88	1.07	2.98
12.91	0.9	2.85
12.94	0.75	2.92
13.21	0.73	2.96
13.62	0.97	2.74
13.74	0.5	2.56
13.77	0.74	2.67
13.89	0.94	2.8
13.95	0.61	2.76
14.01	0.84	2.55
14.04	0.82	2.86
14.35	0.75	2.65
14.59	0.91	2.67
14.62	0.86	2.66
14.8	0.8	2.75
14.83	0.61	2.61
14.86	0.9	2.63
14.95	0.83	2.72
14.98	0.72	2.44
15.01	0.93	2.75
15.07	0.68	2.7
15.1	0.75	2.73
15.13	0.87	2.62
15.16	0.67	2.57
15.19	0.69	2.66
15.22	0.62	2.66
15.25	0.76	2.62
15.28	0.84	2.62
15.31	0.89	2.48
15.34	0.24	2.73
15.37	0.62	2.66
15.4	0.11	3.15
15.46	0.53	2.64
15.49	0.47	2.65
15.55	0.51	2.53
15.58	0.48	2.4
15.64	0.29	2.65
15.67	0.24	3.15
15.7	0.69	3.68
15.73	-0.07	2.79
15.76	0.45	3.2
15.79	0.08	2.89
15.85	0.7	4.48
15.88	0.59	4.34
15.91	0.21	3.28
15.94	0.96	4.41
15.97	0.87	4.41
16	0.95	4.46
16.09	0.75	4.41
16.12	0.97	4.3
16.15	0.68	4.33
16.18	0.8	4.46
16.24	0.97	4.43
16.27	0.91	4.38
16.3	0.77	4.55
16.33	0.97	4.5
16.36	0.95	4.35
16.42	0.45	4.38
16.45	1.01	4.64
16.48	1.12	4.55
16.51	1.24	4.22
16.54	1.14	4.45
16.57	1.12	4.54
16.6	1.13	4.56
16.63	1.1	4.52
16.66	1.26	4.5
16.74	1.2	4.52
16.77	0.98	4.44
16.8	1.22	4.4
16.83	0.62	4.42
16.86	0.67	4.35
16.89	0.49	4.43
16.92	0.61	4.39
16.95	0.6	3.99
16.98	0.57	4.02
17.02	0.57	4.39
17.05	0.6	3.99
17.08	0.57	4
17.11	0.6	3.85
17.14	0.53	4.16
17.17	0.34	3.97
17.2	0.2	3.97
17.23	0.17	3.78
17.26	0.41	4.03
17.29	0.41	4.19
17.32	0.73	4.19
17.35	0.61	4.2
17.38	0.56	4.32
17.41	0.73	4.27
17.44	0.57	4.22
17.47	0.68	4.29
17.5	0.63	4.33
17.53	0.75	4.1
17.65	0.2	3.71
17.68	0.44	3.87
17.71	0.82	4.3
17.77	0.65	4.26
17.8	0.69	4.15
17.83	0.68	4.25
17.86	0.79	4.36
17.91	0.51	3.97
17.97	0.23	3.82
18	0.89	4.37
18.03	0.61	4.25
18.06	0.97	4.35
18.09	0.89	4.31
18.12	0.9	4.33
18.15	0.94	4.33
18.18	0.72	4.28
18.21	0.97	4.28
18.24	0.89	4.3
18.27	0.69	4.35
18.3	0.62	4.31
18.33	0.6	4.34
18.36	0.89	4.23
18.39	0.86	4.27
18.42	0.57	4.19
18.45	0.8	4.08
18.48	0.79	3.93
18.51	1.02	4.03
18.54	0.74	3.88
18.57	0.66	4.05
18.6	0.66	3.99
18.63	0.55	4.08
18.66	0.68	3.92
18.69	0.69	3.93
18.72	0.53	3.63
18.75	0.7	3.89
18.78	0.96	3.93
18.81	0.68	3.87
18.93	0.71	3.73
19	0.41	3.89
19.03	0.72	3.94
19.06	0.52	4.02
19.09	0.69	4.08
19.12	0.26	3.91
19.15	0.73	4.19
19.18	0.72	4.26
19.21	0.83	4.17
19.36	0.8	3.88
20.03	0.65	4.08
20.06	0.73	4.09
20.23	0.82	4.26
20.26	0.97	4.28
20.29	0.73	4.32
20.32	0.88	4.18
20.35	0.74	4.23
20.43	0.95	4.19
20.53	0.76	4.11
20.56	0.61	4.04
20.62	0.77	3.97
20.65	0.7	3.92
20.71	0.69	3.8
20.74	0.77	3.67
20.86	0.83	3.47
20.98	0.79	3.51
21.22	0.83	3.53
21.43	0.8	3.35
21.46	0.87	3.38
21.52	0.29	3.2
21.61	0.83	3.28
21.64	0.89	3.18
21.73	0.72	3.38
22.12	0.73	2.95
22.15	0.6	2.92
22.21	0.77	3.05
22.27	0.9	3.02
22.33	0.9	3.03
22.36	0.93	3.25
22.42	1.06	3.27
22.48	0.99	3.29
22.51	0.72	3.25
22.57	0.84	3.31
22.66	1	3.27
22.72	1.14	3.41
22.75	1.07	3.3
22.78	0.72	3.11
22.84	0.84	3.32
22.9	0.86	3.27
22.96	0.91	3.3
23.01	0.97	3.16
23.1	0.84	3.14
23.47	1.04	3.16
23.74	0.82	2.95
23.98	0.91	3
24.12	0.72	3.02
24.24	0.52	2.98
24.33	0.58	3.06
24.39	0.6	2.91
24.46	0.07	3.2
24.49	0.41	3.04
24.52	0.14	3.32
24.55	0.08	3.65
24.58	0.3	3.92
24.64	0.81	4.21
24.67	0.86	4.29
24.7	0.9	4.15
24.73	0.69	4.17
25.06	0.63	3.82
25.09	0.74	3.83
25.33	0.57	3.55
25.36	0.69	3.97
25.39	0.66	3.89
25.42	0.68	4.1
25.45	0.79	4
25.48	0.83	3.96
25.54	0.67	3.95
25.57	0.78	3.89
25.63	0.65	3.93
25.69	0.67	3.84
25.82	1.02	3.65
25.85	0.94	3.64
25.92	0.34	3.11
26.02	1.06	3.3
26.05	0.98	3.4
26.12	0.82	3.19
26.26	0.86	3.22
26.32	0.85	3.09
26.35	0.87	2.98
26.38	0.56	3.1
26.5	0.85	2.94
26.53	0.95	3
26.68	0.71	2.96
26.95	0.94	2.94
27.01	0.73	2.76
27.16	0.58	2.9
27.25	0.51	2.74
27.28	-0.09	2.97
27.31	0.09	2.88
27.37	0.59	2.77
27.55	0.03	2.88
27.58	0.05	2.87
27.6	0.88	3.78
27.63	0.18	3.07
27.66	0.95	3.73
27.75	0.61	3.57
27.87	0.47	3.83
27.9	0.64	3.97
27.99	0.67	4.08
28.2	0.78	4.04
28.23	0.7	3.91
28.26	0.86	3.81
28.29	0.83	3.95
28.35	0.59	3.95
28.63	0.8	3.92
29.25	0.82	3.93
29.34	0.34	3.93
29.4	0.83	3.91
29.43	0.68	3.9
29.46	0.72	3.86
29.49	0.48	3.81
29.51	0.18	3.55
29.54	0.58	3.8
29.56	0.46	3.72
29.59	0.77	3.86
29.62	0.72	3.86
29.71	0.87	4.01
29.74	0.77	3.79
29.8	0.57	3.87
29.83	0.44	3.91
29.89	0.14	3.48
29.98	-0.28	3.78
30.01	0.76	4.19
30.1	0.8	4.19
30.13	1.01	4.18
30.19	0.37	3.79
30.31	0.75	4.01
30.39	0.33	3.68
30.52	0.82	3.77
30.55	0.65	3.61
30.64	0.72	3.49
30.76	0.69	3.68
30.85	0.71	3.36
31.04	0.97	3.28
31.13	1.12	3.42
31.15	0.99	3.37
31.18	1.25	3.28
31.21	1.02	3.35
31.24	0.83	3.37
31.3	0.91	3.35
31.33	0.95	3.15
31.39	0.84	3.17
31.48	1.03	3.29
31.54	0.63	3.07
31.63	0.55	3.48
31.66	0.54	3.66
31.75	0.63	3.76
31.78	0.84	3.76
31.84	0.55	3.77
31.9	0.49	3.81
31.93	0.41	3.73
31.99	0.61	3.78
32.03	0.97	3.94
32.08	1.03	3.68
32.11	0.64	3.8
32.2	0.9	3.85
32.23	0.54	3.82
32.26	0.75	3.7
32.29	0.61	3.78
32.32	0.88	3.82
32.35	0.78	3.88
32.43	0.73	3.69
32.53	0.89	3.74
32.83	0.8	3.66
33.01	0.62	3.45
33.11	0.84	3.34
33.14	0.8	3.37
33.27	0.34	3.35
33.33	0.73	3.32
33.37	0.7	3.41
33.43	0.21	3.26
33.49	0.64	3.52
33.7	0.36	3.37
33.76	1	3.57
33.79	0.68	3.47
34.21	0.94	3.21
34.24	0.81	3.2
34.27	-0.64	3.14
34.3	0.72	3.14
34.33	0.72	3.1
34.39	0.66	3.17
34.42	0.67	3.18
34.45	0.43	3.1
34.66	0.33	2.85
34.9	0.64	3.06
34.99	0.63	3.14
35.02	0.65	3.23
35.2	0.72	3.04
35.21	1.09	3.25
35.31	0.9	3.08
35.61	1.04	2.94
35.91	0.93	2.92
37.21	0.64	2.9
37.31	0.75	2.8
37.51	0.83	2.89
37.77	0.64	2.79
38.67	0.9	4.38
38.91	0.54	4.57
39.07	0.54	4.46
39.17	0.48	4.31
39.27	0.12	4.24
39.37	0.42	4.16
39.47	0.28	4.14
39.57	0.45	3.92
39.87	0.07	4.03
39.87	0.2	3.76
39.97	0.58	4.45
39.97	1.1	4.42
40.07	0.68	4.31
40.21	0.58	4.3
40.37	0.74	4.21
40.71	0.56	4.13
40.87	0.42	4.1
41.17	0.93	4.12
41.27	1.11	3.9
41.31	0.77	3.87
41.57	0.9	4.08
41.71	0.75	4.2
41.87	1.44	4.1
42.07	0.52	3.98
42.17	1.22	3.88
42.37	1.04	3.94
42.97	0.91	3.54
43.07	0.72	3.65
43.21	1.04	3.63
43.37	0.72	3.71
43.51	0.92	3.71
43.67	0.67	3.6
43.86	1.1	3.45
43.97	0.92	3.51
44.16	0.22	3.28
44.22	0.8	3.4
44.32	1.08	3.36
44.32	1.07	3.4
44.46	1.07	3.45
44.86	0.21	3.07
45.22	1.36	3
46.22	1.06	2.92
46.32	1.28	2.97
46.52	1.2	2.89
46.82	1	2.85
46.92	1.21	2.89
47.32	1.26	2.79
47.52	1.1	3.02
47.82	0.69	2.8
48.22	0.81	2.98
48.36	0.67	3.03
48.52	1.06	3
48.92	1.01	3.2
50.16	0.74	3.36
50.22	0.67	3.38
50.52	-0.02	4.05
50.71	0.03	4.56
50.71	0.08	4.45
50.76	0.13	4.54
51.01	1.25	4.6
51.31	0.66	4.36
51.61	0.92	4.21
51.91	1.08	4.41
52.55	0.95	4.37
53.25	1.34	4.05
53.61	1.16	3.88
53.91	1.21	4.02
54.21	1.07	4.04
54.65	1.3	3.75
55.05	1.2	3.73
55.35	1.41	3.4
55.71	1.48	3.29
55.95	1.46	3.34
56.31	1.51	3.29
56.55	1.52	3.43
57.05	0.94	3.66
57.21	1.36	3.38
57.35	1.31	3.56
57.51	1.29	3.41
57.75	1.3	3.54
58.11	1.33	3.62
58.15	1.11	3.53
58.41	1.42	3.61
58.55	1.26	3.65
58.71	1.54	3.68
59.31	1.08	3.78
59.63	1.24	3.69
60.53	1.29	3.54
61.43	1.35	3.6
61.64	1.25	3.62
61.94	0.95	3.7
62.03	1.02	3.78
62.54	0.9	4.3
62.54	0.9	4.33
62.63	0.85	4.24
62.84	1.07	4.36
62.98	1.11	4.37
63.58	1.11	4.21
64.08	1.1	4.35
64.48	1.05	4.32
64.94	1.16	4.11
64.98	1.19	4.26
66.28	0.84	3.85
66.58	0.91	3.41
66.88	1.22	3.33
67.58	1.02	3.06
68.78	-0.23	3.12
69.08	0.7	4.08
69.14	0.7	3.93
69.38	0.92	3.99
69.98	0.73	3.67
70.58	1.01	3.8
71.18	-0.16	3.39
71.48	0.95	3.86
71.7	0.82	3.53
71.94	0.64	3.28
73.04	0.81	3.17
73.64	0.43	4.01
74.24	0.66	3.42
74.84	0.67	4.74
76.04	0.45	4.24
76.64	1.08	4.5
77.24	0.86	4.36
77.84	0.5	4.31
77.84	0.52	4.21
78.6	0.68	4.07
78.74	0.8	4.32
79.04	0.02	4
79.2	0.59	4.23
79.33	0.74	4.2
79.34	0.07	3.91
81.73	1.06	3.31
82.93	1.06	3.44
83.63	0.94	3.53
84.23	0.72	3.71
84.73	-0.18	3.74
84.73	-0.39	3.74
84.86	0.7	4.59
84.9	0.62	4.72
84.94	1	4.57
84.98	0.55	4.48
85.1	0.42	4.31
85.18	0.74	4.6
85.26	0.76	4.65
85.34	0.69	4.39
85.38	0.73	4.54
85.58	0.25	4.43
85.62	0.48	4.12
85.66	0.71	4.68
85.74	0.79	3.95
85.82	0.3	3.87
85.86	1	3.97
85.9	0.95	3.66
86.02	0.85	4.04
86.06	0.65	3.4
86.1	0.7	3.94
86.14	0.67	3.34
86.18	0.85	3.36
86.22	0.88	3.57
86.26	0.96	3.53
86.3	0.86	3.54
86.36	0.51	3.37
86.4	0.76	3.48
86.44	0.41	3.15
86.48	0.34	3.08
86.52	0.83	3.72
86.56	0.77	3.58
86.6	0.7	3.59
86.64	0.67	3.6
86.68	0.29	3.5
86.72	0.64	3.55
86.76	0.21	3.33
86.8	0.56	3.78
86.84	0.69	3.92
86.88	0.75	3.73
86.92	0.55	3.96
86.96	0.53	3.77
87	0.46	4.07
87.04	0.5	3.95
87.08	0.35	3.56
87.12	0.01	3.04
87.16	0.26	3.15
87.2	0.15	3.97
87.24	0.27	3.83
87.28	0.55	3.78
87.32	0.42	3.92
87.36	0.3	3.71
87.44	0.02	3.63
87.48	0.42	4.01
87.52	0.47	4.53
87.56	1.01	4.69
87.64	0.82	4.52
87.72	0.75	4.21
87.86	0.89	4.5
87.94	0.97	4.59
87.98	0.68	4.29
88.06	0.87	4.46
88.18	0.82	4.3
88.22	0.07	4.19
88.26	0.25	4.55
88.34	0.42	4.05
88.38	0.78	4.36
88.46	0.53	4.24
88.5	0.47	3.75
88.54	0.89	4.39
88.58	0.78	4.12
88.62	0.86	4.47
88.66	0.85	4.27
88.7	0.41	3.28
88.74	-0.07	3.33
88.78	-0.39	3.51
88.78	0.72	4.35
88.86	0.35	3.96
88.9	0.56	4.19
88.94	0.98	4.1
89.02	0.62	4.09
89.02	0.44	3.99
89.06	0.83	4.08
89.1	0.61	3.77
89.22	0.69	4.06
89.3	0.43	3.47
89.38	-0.01	3.62
89.42	0.11	3.48
89.46	0.04	3.37
89.5	1.03	4.02
89.54	0.9	4.02
89.58	0.81	3.99
89.62	0.94	3.8
89.66	0.93	3.9
89.7	0.78	3.9
89.74	0.9	3.76
89.78	0.62	3.66
89.82	0.62	3.75
89.86	0.4	3.69
89.9	0.84	3.75
89.94	0.65	3.58
89.98	0.73	3.49
90.02	0.07	3.54
90.06	0.08	3.49
90.1	0.2	3.48
90.14	0.69	3.85
90.18	0.83	3.94
90.26	0.36	3.79
90.28	0.54	3.79
90.3	0.73	3.7
90.33	0.47	3.67
90.34	0.61	3.58
90.38	0.75	3.58
90.42	0.77	3.54
90.43	0.7	3.53
90.46	0.57	3.53
90.48	0.47	3.55
90.5	0.37	3.53
90.58	0.67	3.64
90.58	0.32	3.18
90.62	0.36	3.21
90.63	0.84	3.31
90.68	0.51	3.41
90.7	0.39	3.35
90.73	0.51	3.33
90.74	0.59	3.32
90.78	0.87	3.36
91.03	0.9	3.39
91.08	0.52	3.34
91.13	0.45	3.29
91.18	0.8	3.4
91.23	0.76	3.29
91.28	0.59	3.35
91.33	0.54	3.31
91.38	0.77	3.3
91.53	0.33	3.41
91.58	0.89	3.4
91.63	0.82	3.18
91.67	0.83	3.18
91.88	0.77	3.27
92.18	0.47	3.22
92.28	0.19	3.05
92.48	0.61	3.14
92.68	0.59	3.38
92.75	0.21	3.14
92.8	-0.2	3.88
92.85	-0.38	3.31
92.88	-0.29	3.54
92.9	-0.51	3.29
92.95	-0.56	3.34
92.98	-0.52	3.94
93	-0.66	3.72
93.08	-0.73	3.67
93.1	-0.38	3.81
93.15	-0.26	3.88
93.17	0.61	3.91
93.2	0.64	4.61
93.25	0.64	4.59
93.3	0.28	4.7
93.35	0.57	4.57
93.5	0.39	4.31
93.55	0.49	4.64
93.65	0.37	4.54
93.7	0.3	4.66
93.75	0.63	4.53
93.8	0.25	4.49
93.9	0.6	4.47
93.95	0.41	4.28
94	0.74	4.24
94.05	0.61	4.09
94.1	0.68	4.08
94.15	0.67	4.23
94.2	0.88	4.41
94.25	0.9	4.14
94.3	0.56	3.67
94.35	0.47	4.07
94.4	0.52	3.93
94.45	0.5	4.03
94.5	0.23	3.6
94.55	0.92	3.89
94.6	0.3	3.31
94.65	0.58	3.58
94.7	0.74	4.32
94.75	0.31	3.87
94.8	0.21	2.83
94.85	-0.07	2.79
94.9	-0.11	2.78
95	0.04	3.11
95.1	0.45	3.32
95.2	0.72	3.33
95.25	0.88	3.76
95.3	0.91	3.79
95.35	0.47	3.23
95.4	0.39	3.28
95.45	0.56	3.67
95.55	0.21	3.48
95.6	0.17	3.43
95.7	0.53	3.76
95.75	0.61	3.66
95.8	0.86	3.46
95.9	1.06	2.98
95.95	0.8	3.58
96	0.71	3.25
96.05	0.51	3.47
96.1	0.28	2.92
96.3	0.81	3.52
96.4	0.2	2.86
96.45	-0.28	3.24
96.5	0.05	2.97
96.6	0.67	3.3
96.65	0.82	4.16
96.7	0.78	4.08
96.75	0.79	3.98
96.85	0.41	3.49
97.05	0.42	3.81
97.1	0.67	3.77
97.15	0.42	3.62
97.2	0.65	3.63
97.25	0.71	3.75
97.35	0.6	3.87
97.4	0.41	3.46
97.45	0.4	3.31
97.5	0.44	3.26
97.6	0.58	3.52
97.65	0.45	3.34
97.7	0.37	3.15
97.75	0.06	3.01
97.8	0.11	3.26
98	0.18	3.12
98.2	0.08	3.27
98.25	0.1	3.4
98.3	0.65	3.82
98.35	0.41	3.64
98.4	0.02	3.34
98.45	0.09	3.6
98.5	0.81	3.48
98.51	0.76	4.01
98.55	0.79	3.6
98.7	0.58	3.33
98.75	0.24	3.4
98.8	0.7	3.58
98.95	-0.04	3.51
98.99	-0.45	3.57
99.05	0.65	3.64
99.15	0.38	3.61
99.2	0.61	3.87
99.25	0.64	3.96
99.3	0.72	3.54
99.35	0.77	3.49
99.69	0.62	3.25
99.7	0.92	3.48
99.85	0.24	3.28
100.29	-0.24	2.89
100.35	-0.1	3.02
100.36	-0.25	3.16
100.41	-0.07	3
100.45	-0.15	3.07
100.5	0.19	3.02
100.55	0.84	3.62
100.56	0.79	3.38
100.59	0.4	3.52
100.65	0.46	3.43
100.66	0.6	3.49
100.75	0.61	3.49
100.85	0.74	3.45
100.89	0.6	3.81
100.95	0.47	4.24
100.99	0.67	4.02
101.15	0.43	3.67
101.25	0.48	3.4
101.29	0.61	3.33
101.45	0.39	3.14
101.55	0.45	3.08
101.91	-0.11	2.91
102.35	0.62	3.28
102.55	0.06	3.02
102.89	-0.88	3.22
103.05	-0.12	3.95
103.15	-0.37	3.64
103.25	0.15	4.23
103.29	-0.01	4.22
103.41	-0.01	4.27
103.49	-0.1	4.08
103.55	-0.23	4.13
103.59	0.35	3.92
103.69	-0.1	3.56
103.74	0.09	3.67
103.78	0.04	3.83
103.84	-0.51	3.51
103.85	-0.64	3.53
103.98	0.7	4.26
104.04	0.48	4.3
104.14	0.45	4.06
104.24	0.28	4.11
104.29	0.21	4.29
104.34	0.47	4.31
104.44	0.17	4.04
104.59	0.32	4.22
104.74	0.27	3.68
104.89	0.38	3.9
104.94	-0.02	3.41
105.14	0.53	3.74
105.18	0.21	3.53
105.28	0.34	3.54
105.49	0.51	3.86
105.54	0.21	3.57
105.64	0.19	3.67
105.68	-0.07	3.54
105.74	0.52	3.97
106.14	0.27	3.52
106.19	0.56	3.75
106.24	0.35	3.43
106.29	0.28	3.4
106.34	0.06	3.42
106.38	0.45	3.76
106.44	0.29	3.56
106.49	0.15	3.63
106.54	0.4	3.56
106.59	0.47	3.61
106.64	-0.22	3.42
106.69	0.26	3.45
106.74	-0.56	3.7
106.84	0.43	3.99
106.99	0.61	4.35
107.04	0.51	4.33
107.09	0.03	4.16
107.24	0.46	4.51
107.34	0.56	4.34
107.39	0.59	4.23
107.49	0.62	3.9
107.54	0.04	4.08
107.59	-0.26	3.85
107.64	0.42	4.06
107.74	0.18	4.08
107.84	0.35	4.09
107.89	0.06	3.71
107.94	0.39	3.79
107.99	-0.23	3.8
108.04	0.06	3.81
108.19	0.77	4.04
108.49	0.32	3.99
108.54	0.17	3.61
108.59	0.69	3.74
108.69	0.7	3.78
108.74	0.67	3.94
108.94	0.29	3.63
108.99	0.56	3.81
109.04	0.29	3.47
109.09	0.27	3.78
109.14	0.67	3.91
109.19	0.56	3.74
109.24	0.48	3.46
109.29	0.77	3.63
109.34	0.7	3.37
109.39	1.04	3.6
109.49	0.41	3.07
109.54	0.59	3.23
109.59	0.84	3.29
109.64	0.63	3.44
109.69	0.65	3.5
109.74	0.63	3.46
109.79	0.74	3.43
109.84	0.22	3.48
109.89	0.71	3.45
109.94	0.82	3.43
110.09	0.73	3.32
110.14	0.81	3.28
110.19	0.48	3.13
110.24	0.92	3.09
110.29	0.61	3.26
110.34	0.77	3.02
110.39	0.33	3.12
110.61	0.51	3.28
110.74	0.5	2.89
110.84	0.63	2.73
110.89	0.62	3.08
110.95	0.5	3.03
111.09	0.74	3.02
111.19	0.57	3.01
111.24	0.81	2.73
111.29	0.77	2.97
111.34	0.55	2.85
111.39	0.67	3.16
111.41	0.6	2.74
111.49	0.34	3.07
111.54	0.67	2.85
111.59	0.57	3.21
111.64	0.14	3.23
111.69	0.51	3.3
111.79	0.37	3.13
111.94	0.75	3.24
111.99	0.26	3.05
112.04	0.25	3.14
112.14	-0.03	3.82
112.24	0.23	2.97
112.39	-0.43	3.04
112.45	-0.62	2.94
112.49	-0.29	3.01
112.54	0	3.43
112.59	-0.19	3.7
112.64	-0.14	3.85
112.69	0.22	4.51
112.79	-0.17	4.37
112.95	0.76	4.55
113.05	0.66	3.85
113.09	0.61	3.67
113.15	0.72	4.31
113.25	0.57	3.98
113.35	1.01	4.41
113.45	0.18	4.4
113.5	0.72	4.3
113.55	0.69	4.38
113.75	0.72	4.37
113.8	0.35	4.48
113.85	0.89	4.38
113.9	0.49	3.58
113.95	0.48	4.37
114	0.57	3.94
114.15	0.78	3.66
114.25	0.81	4.14
114.5	0.57	4.04
114.65	0.63	3.99
114.7	0.6	3.83
114.75	0.81	3.81
114.8	0.67	3.76
114.85	0.6	3.77
114.9	0.54	3.68
114.95	0.77	3.71
115	0.95	3.71
115.1	0.55	3.55
115.15	0.62	3.64
115.2	0.14	3.32
115.25	0.74	3.51
115.3	1.05	3.86
115.35	0.69	3.86
115.4	0.73	3.81
115.6	0.7	3.53
115.65	1.02	3.49
115.7	1.02	3.61
115.75	1.01	3.42
115.8	0.5	3.33
115.85	0.95	3.48
115.9	0.21	3.24
115.95	0.65	3.34
116	-0.15	3.17
116.05	0.85	3.58
116.1	0.6	3.5
116.15	0.76	3.43
116.2	0.33	3.59
116.25	0.35	3.54
116.3	-0.12	3.45
116.35	0.85	4.35
116.4	1.04	4.06
116.45	0.97	3.94
116.55	0.72	3.66
116.6	0.74	3.34
116.65	0.76	4.09
116.85	0.25	4.04
117.05	0.77	4.18
117.15	0.26	4.19
117.25	0.59	4.06
117.3	0.65	4.07
117.75	0.46	3.84
117.8	0.62	3.72
117.85	1.21	3.82
117.9	1.06	3.66
118	0.64	3.75
118.05	1.12	3.69
118.1	0.43	3.74
118.15	0.47	3.87
118.25	1	3.7
118.3	0.96	3.59
118.35	1.1	3.69
118.4	1.11	3.69
118.5	0.66	3.68
118.55	0.79	3.6
118.6	0.97	3.58
118.65	0.74	3.14
118.7	0.95	3.58
118.75	0.72	3.49
118.8	0.94	3.67
118.85	0.97	3.53
118.9	0.91	3.56
118.95	0.82	3.59
119	0.97	3.6
119.05	0.85	3.57
119.1	0.85	3.54
119.15	0.98	3.64
119.2	0.73	3.64
119.25	0.78	3.49
119.3	0.74	3.54
119.35	0.82	3.59
119.4	0.84	3.63
119.5	0.68	3.63
119.55	0.71	3.69
119.6	0.9	4.01
119.65	0.74	3.99
119.7	0.66	4.11
119.75	0.95	4.17
119.8	0.83	4.25
119.85	0.89	4.1
119.9	1.03	3.97
119.95	0.87	3.91
120	0.92	3.87
120.05	0.78	3.94
120.1	0.85	4.05
120.15	0.69	3.85
120.2	0.7	4.05
120.25	0.71	3.87
120.3	0.38	3.8
120.35	0.18	3.58
120.45	0.87	3.86
120.5	0.75	4.03
120.51	0.43	3.84
120.55	0.8	3.9
120.6	0.61	3.94
120.65	0.47	3.71
120.7	1.13	3.99
120.71	0.36	3.46
120.75	0.76	3.96
120.8	0.59	4.04
120.9	0.49	3.82
120.91	0.82	3.82
121.11	0.9	3.77
121.21	1.04	3.13
121.31	0.93	3.31
121.36	1.03	3.03
121.46	0.96	3.47
121.56	0.31	2.9
121.61	0.39	3.43
121.66	0.78	3.14
121.71	0.6	3.37
121.76	0.74	3.2
121.81	0.67	3.41
121.86	0.78	3.46
121.91	0.7	3.69
121.96	0.7	3.25
122.01	0.58	3.59
122.06	0.74	3.29
122.11	0.68	3.6
122.21	0.74	3.55
122.26	0.64	3.26
122.31	0.56	3.81
122.41	0.17	3.73
122.46	0.76	4.14
122.51	0.31	3.94
122.67	0.61	4
122.81	0.81	3.73
122.86	0.82	4.11
122.91	0.83	3.38
122.96	0.17	3.3
123.01	0.73	3.61
123.06	0.46	3.15
123.16	0.83	3.49
123.21	0.8	3.39
123.26	0.75	3.5
123.31	0.61	3.23
123.41	0.02	3.06
123.46	0.74	3.46
123.51	0.8	3.68
123.56	0.64	3.64
123.61	0.7	3.4
123.66	0.68	3.55
123.71	0.68	3.46
123.76	0.54	3.75
123.86	0.56	3.73
123.91	0.6	3.36
123.96	0.51	3.83
124.06	0.63	4.03
124.16	0.67	4.01
124.21	0.47	4.13
124.26	0.82	4.03
124.31	0.97	4.13
124.36	0.61	4.05
124.41	0.69	4.22
124.46	0.46	4.22
124.56	0.41	4.15
124.66	0.54	4.21
124.71	0.25	4.36
124.86	0.78	3.39
124.91	0.25	3.96
124.96	0.83	3.25
125.16	-0.14	4.11
125.21	0.42	3.99
125.26	0.25	3.93
125.31	0.43	4.42
125.36	0.85	4.16
125.51	0.62	4.37
125.61	0.57	4.15
125.76	0.3	4.5
125.91	0.75	4.06
126.06	0.41	4.18
126.11	0.69	4.42
126.26	0.53	4.15
126.51	0.65	4.03
126.66	0.59	4.14
126.71	0.41	3.85
126.76	0.51	4.06
126.96	0.44	4.07
127.06	0.52	4.13
127.11	0.56	4
127.16	0.49	4.13
127.31	0.39	3.88
127.36	0.34	4.12
127.41	0.4	4.28
127.56	0.06	3.88
127.61	0.45	3.99
127.66	-0.01	3.69
127.76	0.15	3.87
127.86	0.17	4.09
127.91	0.23	3.91
127.96	0.55	4
128.01	0.13	3.78
128.26	0.21	3.62
128.31	0.07	4.17
128.33	-0.16	3.61
128.36	0.81	3.91
128.66	0.78	3.64
128.73	0.31	3.52
128.83	0.04	3.44
128.93	0.44	3.5
129.03	0.41	3.47
129.23	0.64	3.41
129.83	0.44	3.17
130.03	0.37	3.11
130.13	0.44	3.12
130.44	0.56	3.05
130.48	0.33	3.02
130.58	0.31	3.1
130.63	0.67	3.04
130.73	0.82	3.04
130.78	0.82	3.05
130.83	0.71	3.05
130.84	0.62	3.05
130.88	0.77	2.94
130.93	0.73	2.98
131.03	0.69	2.92
131.08	0.5	2.99
131.18	0.47	3.1
131.24	0.65	3.03
131.28	0.48	3.04
131.33	0.28	3
131.38	0.69	2.94
131.43	0.64	2.98
131.48	0.25	2.98
131.63	0.46	3.08
131.78	0.72	3.12
131.81	0.67	3.23
131.84	0.5	3.01
131.98	0.83	3.05
132.03	0.88	3.06
132.28	0.97	3.79
132.33	0.92	3.1
132.53	0.9	3.19
132.58	0.5	3.22
132.73	0.68	3.19
132.83	0.7	3.34
133.03	0.63	3.63
133.18	0.79	3.39
133.23	0.94	3.4
133.53	0.51	3.31
133.58	0.54	3.27
133.63	0.87	3.45
133.65	0.68	3.32
133.68	0.59	3.61
133.78	0.66	3.32
133.83	0.89	3.36
133.85	0.82	3.45
133.88	0.33	3.11
133.9	0.5	3.49
133.93	0.84	3.29
133.95	0.05	3.33
133.98	0.74	3.33
134	0.23	3.41
134.15	0.6	3.31
134.45	0.73	3.34
134.55	0.76	3.44
134.65	0.69	3.5
134.7	0.88	3.42
134.75	0.87	3.44
134.8	0.72	3.35
134.85	0.64	3.43
134.9	1.04	3.59
134.95	0.89	3.55
135.05	0.72	3.53
135.1	0.68	3.36
135.15	0.62	3.58
135.2	0.66	3.61
135.25	0.5	3.43
135.3	0.83	3.26
135.35	0.15	3.32
135.4	0.14	3.51
135.45	0.53	3.36
135.5	0.41	3.68
135.55	0.5	3.28
135.65	0.61	3.61
135.75	0.66	3.7
135.9	0.31	3.72
135.95	0.94	4.29
136.1	-0.14	4.25
136.4	1.03	3.6
136.5	1.32	3.89
136.6	0.88	3.98
136.7	0.57	3.62
136.75	0.84	3.34
136.85	0.91	3.18
136.9	0.69	3.22
136.95	0.86	3.26
137	0.33	3.62
137.05	0.89	3.37
137.1	0.86	3.22
137.15	0.62	3.09
137.2	0.14	2.99
137.3	0.54	3.05
137.35	0.35	3.12
137.45	0.76	3.88
137.5	0.89	3.35
137.55	0.68	3.34
137.6	0.57	3.44
137.65	0.58	3.5
137.7	0.75	3.7
137.75	0.45	3.5
137.8	0.19	3.57
137.85	0.59	3.52
137.9	0.71	3.47
137.95	0.44	3.83
138	0.37	3.78
138.05	0.43	3.22
138.1	0.27	3.59
138.25	0.25	3.73
138.3	0.46	3.66
138.4	0.32	3.7
138.65	-0.29	3.75
138.7	0.15	3.54
139	-0.32	3.18
139.25	0.44	4.28
139.3	0.51	4.32
139.6	0.89	4.42
140.05	0.3	4.05
140.1	0.33	4.02
140.15	0.35	4.1
140.2	0.35	4.08
140.35	0.61	3.86
140.4	0.25	3.96
140.45	0.44	3.81
140.55	0.39	3.55
140.65	0.69	3.55
140.75	0.29	3.45
140.85	-0.05	3.23
140.9	0.03	3.17
140.95	0.05	3.87
141.1	0.27	3.31
141.32	0.01	3.53
141.37	0.28	3.17
141.42	0.07	3.14
141.47	1.02	3.8
141.62	0.81	3.56
141.67	0.81	3.44
141.72	0.43	3.88
141.87	0.64	3.19
141.92	0.66	3.26
141.97	0.37	3.14
142.42	0.71	3.01
142.57	0.9	3.45
142.67	0.83	3.26
142.72	0.82	3.38
142.74	0.85	3.19
142.77	0.97	3.15
142.82	0.81	3.27
142.87	0.87	3.15
142.92	0.94	3.2
142.97	0.97	3.21
143.02	1.15	3.27
143.07	0.7	3.28
143.12	0.77	3.27
143.14	0.51	3.1
143.28	1.08	3.14
143.34	0.79	3.18
143.42	0.93	3.2
143.47	0.62	3.1
143.52	0.62	3.33
143.57	1.01	3.14
143.64	1.04	3.23
143.74	1.02	3.19
143.77	1	3.18
143.79	1.03	2.92
143.84	1.17	3.35
143.94	1.11	3.3
143.97	1.13	3.22
143.99	0.7	3.35
144.04	0.99	3.26
144.09	1.06	3.41
144.14	1.05	3.2
144.19	0.83	3.49
144.24	1.08	3.04
144.29	1.1	3.01
144.34	1	3.14
144.39	1.26	3.24
144.44	1.02	3.24
144.49	1.14	3.32
144.54	0.85	3.29
144.59	1.09	3.12
144.64	1	3.2
144.69	1.05	3.04
144.74	0.99	3.18
144.79	1.04	3.11
144.84	0.86	3.1
144.89	0.92	3.04
144.94	0.99	3.18
144.99	0.84	2.83
145.04	0.75	3.07
145.09	0.84	2.74
145.14	0.2	3.01
145.19	1.04	3.11
145.24	1.04	3.42
145.29	0.84	2.94
145.39	0.49	3.07
145.44	0.87	3.24
145.49	0.91	3.08
145.84	0.88	3.14
145.88	1.03	3.21
145.96	0.63	3.1
147.16	0.95	3.14
147.24	0.85	3.07
147.32	0.77	3.15
147.36	0.82	3.08
147.4	0.82	3.12
147.4	0.68	3.08
147.44	0.87	3.12
147.48	0.81	3.25
147.52	0.77	3.14
147.56	0.39	3.22
147.6	0.97	3.25
147.64	0.34	3.2
147.64	0.85	2.99
147.68	0.13	2.24
147.72	0.52	3.29
147.76	0.56	3.12
147.8	0.86	3.11
147.84	0.86	3.19
147.88	0.7	3.27
147.92	0.67	3.19
147.96	0.88	3.29
148	0.83	3.13
148.04	0.9	3.17
148.08	0.85	3.1
148.2	0.82	3.4
148.28	0.76	3.27
148.4	0.64	3.27
148.44	0.54	3.16
148.48	0.82	3.29
148.52	0.74	3.27
148.56	0.63	3.22
148.6	0.8	3.22
148.68	0.72	3.23
148.72	0.78	3.18
148.76	0.72	3.17
148.84	0.66	3.34
148.92	0.68	3.32
149.08	0.58	3.28
149.08	0.34	3.26
149.12	0.15	3.12
149.56	0.33	3.8
149.8	0.5	3.98
150.2	0.44	4.28
150.61	0.74	4.02
151.05	0.33	4.1
151.05	0.17	4.19
152.57	0.12	3.66
153.97	0.71	3.27
154.13	0.39	3.19
154.57	0.72	2.98
155.03	0.95	3.02
155.47	0.66	2.96
155.63	0.62	2.99
155.66	0.63	3.02
155.81	0.68	3.3
156.26	0.63	3
156.71	0.41	3.11
157.16	-0.58	2.83
157.76	-0.08	3.91
159.26	0.73	3.67
160.16	0.72	3.36
160.31	0.95	3.32
160.76	1.05	3.24
161.01	0.84	3.23
161.06	0.82	3.2
161.06	0.85	3.25
161.11	0.94	3.25
161.16	0.8	3.25
161.21	0.92	3.37
161.26	0.36	3.3
161.26	0.42	3.32
161.36	0.83	3.35
161.36	0.76	3.32
161.41	0.75	3.28
161.46	0.57	3.19
161.51	0.64	3.3
161.56	0.69	3.39
161.56	0.59	3.44
161.61	0.63	3.4
161.66	0.53	3.49
161.71	0.63	3.5
161.76	0.67	3.34
161.81	0.52	3.39
161.86	0.68	3.3
161.96	0.33	3.57
162.01	0.7	3.55
162.06	-0.21	3.47
162.16	0.43	3.56
162.26	0.34	3.66
162.31	0.45	3.65
162.36	0.06	3.73
162.41	0.2	3.74
162.46	0.05	3.89
162.51	0.36	4.12
162.56	-0.03	3.98
162.61	-0.1	3.98
162.66	-0.19	4.1
162.71	0.25	3.92
162.81	0.19	4.01
162.86	0.64	3.87
162.86	-0.15	4.05
162.91	0.08	3.91
163.01	-0.14	3.87
163.06	0.53	3.73
163.11	-0.06	3.85
163.16	0.3	3.78
163.21	-0.26	3.74
163.46	0.46	3.68
163.55	-0.07	3.61
163.56	-0.02	3.71
163.61	0.24	3.63
163.61	-0.05	3.61
163.61	0.12	3.53
163.61	-0.03	3.63
163.61	0.01	3.43
163.61	0.01	3.41
163.65	0.51	3.5
163.75	0.4	3.85
163.81	0.46	3.68
163.85	0.27	3.76
163.86	0	3.66
163.91	0.08	3.46
163.91	0.12	3.32
163.95	0.27	3.47
163.95	0.17	3.59
164.25	0.65	3.78
164.31	0.58	3.69
164.51	0.07	3.1
164.55	0.6	3.59
164.95	0.65	3.48
165.01	0.09	3.46
165.05	0.87	3.03
165.11	0.58	3.22
165.15	1.29	3.08
165.25	0.48	3.16
165.31	0.9	3.31
165.51	1.01	3.43
165.55	0.48	3.26
165.61	0.88	3.24
165.65	0.91	3.19
165.75	0.99	3.38
165.75	0.92	3.22
165.81	0.94	3.12
165.85	0.86	3.19
165.91	0.82	3.22
165.95	0.62	3.2
166.01	0.78	3.18
166.05	0.66	3.35
166.15	0.73	3
166.21	0.69	3.05
166.25	0.82	3.12
166.31	0.69	3.15
166.35	0.62	3.21
166.41	0.61	3.06
166.45	0.69	3.1
166.51	0.73	3.15
166.55	0.87	3.41
166.61	0.72	3.09
166.65	0.58	3.18
166.71	0.71	3.1
166.75	0.81	3.45
166.81	0.65	3.26
166.85	0.68	3.09
166.91	0.81	3.28
166.95	0.75	3.21
167.05	0.73	3.19
167.15	0.73	3.34
167.21	0.7	3.41
167.25	0.64	3.41
167.31	0.63	3.33
167.35	0.77	3.42
167.45	0.49	3.42
167.55	0.45	3.45
167.61	0.62	3.44
168.25	0.59	3.52
168.45	0.46	3.75
168.75	0.59	3.74
168.85	0.75	3.6
169.15	0.44	3.85
170.38	0.83	3.53
170.48	0.96	3.44
170.63	0.49	3.38
170.68	0.68	3.52
171.38	0.75	3.32
171.43	0.74	3.01
171.48	0.85	2.95
171.68	0.9	3.02
171.98	0.8	3.01
172.08	0.77	2.82
172.13	0.88	2.99
172.18	0.39	3
172.33	0.82	2.95
172.38	0.98	3.14
172.43	0.97	3.01
172.48	0.88	3.11
172.53	1.07	2.94
172.58	0.75	3.07
172.63	0.72	2.85
172.68	1	3.08
172.73	0.79	3.17
172.78	0.81	2.82
172.83	0.66	3
172.88	0.84	2.93
172.88	0.9	3.08
172.98	0.6	3.07
173.03	0.88	2.98
173.08	0.59	2.98
173.13	0.89	2.75
173.18	0.82	3.01
173.23	0.79	3.08
173.28	0.67	2.86
173.33	0.69	3.01
173.38	0.63	2.92
173.43	0.86	2.88
173.48	0.6	3.05
173.48	0.64	3.02
173.53	0.92	2.91
173.58	0.68	2.85
173.63	0.52	3.03
173.68	0.79	2.8
173.73	0.81	2.98
173.78	0.73	2.94
173.83	0.8	2.86
173.88	0.69	2.9
173.93	0.7	3.02
173.98	0.43	3.13
174.08	0.12	3.18
174.09	0.33	3.25
174.15	0.51	3.18
174.59	0.46	3.44
175.05	0.66	3.46
175.09	0.5	3.45
175.09	0.84	3.33
175.09	0.14	3.49
175.25	0.61	3.51
175.29	-0.06	3.51
175.69	0.26	3.68
175.85	0.34	3.62
175.89	0.78	3.64
175.89	0.3	3.49
175.99	0.44	3.59
175.99	0.4	3.88
176.15	0.58	3.68
176.15	0.5	3.7
176.15	0.48	3.78
176.19	0.48	3.57
176.19	0.25	3.71
176.39	0.68	3.54
176.39	0.8	3.61
176.39	0.6	3.61
176.49	0.52	3.74
176.49	0.41	3.87
176.49	0.08	3.61
176.55	0.83	3.95
176.59	0.65	3.87
176.65	0.51	3.8
176.65	0.51	3.83
176.65	0.52	3.79
176.69	0.27	3.81
176.69	0.38	3.77
176.69	0.48	3.85
176.75	0.87	3.75
176.75	0.8	3.73
176.75	0.48	3.8
176.79	0.96	3.69
176.79	0.85	3.76
176.79	0.85	3.74
176.85	0.77	3.82
176.85	0.84	3.72
176.85	0.49	3.85
176.89	0.67	3.74
176.99	0.83	3.78
177.05	-0.04	3.51
177.05	0.28	3.74
177.09	0.41	3.71
177.15	0.22	3.8
177.19	0.63	3.82
177.19	0.95	3.97
177.19	0.2	3.87
177.29	-0.16	3.5
177.35	0.46	3.69
177.59	0.58	3.91
177.79	0.92	3.95
177.79	-0.01	3.86
177.79	0.19	3.98
177.85	1.21	3.92
177.85	0.99	3.96
177.85	1.04	3.99
177.89	1.12	3.86
177.89	0.9	3.84
177.89	0.72	4.02
177.99	0.87	3.93
177.99	0.46	3.91
177.99	0.95	3.83
178.05	1.1	3.67
178.15	0.03	3.75
178.19	0.68	3.55
178.19	0.39	3.57
178.19	0.78	3.53
178.29	0.37	3.52
178.59	0.47	3.57
178.59	0.76	3.38
178.79	0.92	3.47
178.79	0.69	3.72
178.79	1.04	3.63
178.85	0.57	3.55
178.89	0.42	3.46
178.89	0.93	3.47
178.89	0.81	3.33
178.99	0.53	3.34
178.99	0.18	3.45
179.05	1.06	3.38
179.05	0.49	3.3
179.05	0.82	3.34
179.09	0.77	3.31
179.15	1.25	3.28
179.15	0.24	3.45
179.19	1.17	3.24
179.19	1.13	3.29
179.25	0.73	3.38
179.25	0.88	3.3
179.29	0.95	3.4
179.29	0.64	3.42
179.35	1.04	3.29
179.35	0.22	3.28
179.35	1	3.33
179.39	1.04	3.25
179.39	0.59	3.27
179.39	0.93	3.23
179.45	0.87	3.36
179.45	0.65	3.25
179.45	0.63	3.31
179.49	0.78	2.94
179.49	0.56	3.32
179.49	1.03	3.33
179.55	0.51	3.34
179.59	0.62	3.05
179.89	0.65	2.92
180.19	1	3.12
180.49	1.12	3.11
180.89	0.51	3.71
181.09	0.94	3.1
181.39	0.81	3.14
181.69	0.82	3.17
181.99	0.8	3.27
182.29	0.64	3.23
182.59	0.32	3.54
183.19	0.77	3.85
183.73	0.81	4.07
183.79	0.88	3.95
184.33	0.62	4.31
184.63	0.64	4.3
185.23	0.49	3.58
185.83	0.71	3.4
186.43	0.59	3.56
186.73	0.48	3.3
187.03	0.87	3.11
187.33	0.75	2.95
188.83	0.79	2.85
189.13	0.5	2.84
190.03	0.21	2.78
190.33	0.85	2.83
190.63	0.68	2.82
190.93	0.31	2.87
191.23	0.36	2.91
191.53	0.49	2.79
191.83	0.64	2.74
192.13	-0.05	2.38
192.46	1.18	4.75
192.76	-0.06	4.17
193.36	0.65	4.17
194.85	0.84	3.67
195.04	0.84	3.41
195.15	0.75	3.64
195.24	0.36	2.33
196.14	0.98	2.87
196.44	0.96	2.8
196.74	0.89	2.94
197.04	0.99	2.97
197.34	0.79	2.99
197.64	0.77	3.24
197.94	1.1	3.41
198.24	0.67	2.96
198.54	0.95	2.91
200.04	0.88	3.9
201.84	0.9	3.58
202.14	0.81	3.46
202.44	0.96	3.42
202.74	0.79	3.62
202.74	0.95	3.33
203.04	0.7	3.42
203.34	0.87	3.6
203.64	0.48	3.66
203.94	0.13	3.62
204.24	0.03	3.94
204.54	0.15	4.58
204.76	0.8	4.42
204.84	0.78	3.34
205.06	0.1	4.2
205.36	0.29	4.33
205.66	0.77	4.19
205.96	1.15	3.8
206.56	0.8	3.87
207.16	0.28	3.07
207.46	0.44	3.64
207.76	0.03	3.51
208.06	0.51	3.91
208.66	0.61	3.29
209.26	0.79	3.19
209.56	0.45	3.4
209.86	0.55	3.89
211.36	0.47	3.66
211.66	1.19	3.95
212.6	1.27	4.25
214.7	0.19	4.57
214.97	0.22	3.6
215	0.96	5.75
215.87	1.08	3.68
216.17	1.38	3.19
217.07	1.08	3.11
217.37	1.12	2.4
217.67	0.64	3.19
217.97	0.96	3.23
218.27	0.99	3.45
218.87	0.81	3.55
219.17	0.67	3.51
219.47	0.8	3.66
219.77	0.53	3.38
220.37	1	3.79
220.67	0.16	3.45
221.57	0.52	3.18
222.45	1.09	3.4
222.75	1.27	4.25
223.05	0.94	3.42
223.65	0.93	3.05
225.24	0.64	3.68
225.54	0.63	3.72
226.14	0.22	3.94
226.74	0.23	3.54
228.54	0.36	3.66
228.84	0.83	3.54
229.14	0.64	3.59
229.44	0.38	3.37
230.04	0.74	3.23
230.34	0.21	3.25
230.64	0.49	3.39
230.94	0.56	3.25
231.24	0.64	3.24
231.54	0.61	3.26
231.84	0.95	3.22
232.14	0.78	3.25
232.44	0.69	3.28
232.74	0.73	3.18
232.83	0.85	3.47
233.13	0.62	3.12
233.43	0.74	3.5
233.73	0.72	3.61
234.03	0.53	3.44
235.83	1.24	3.78
236.69	0.36	3.39
236.99	0.72	2.42
237.29	0.29	2.91
237.69	0.1	3.21
237.79	0.4	3.48
237.89	-0.83	3.18
239.69	0.1	3.38
239.99	0.27	3.42
240.29	0.59	3.22
241.19	0.39	4.02
243.77	0.5	3.34
244.07	0.9	3.3
244.37	0.79	3.33
244.67	1	3.28
244.97	0.82	3.23
245.27	0.97	3.25
245.57	0.78	3.31
245.83	0.85	3.17
246.43	0.71	3.2
246.73	0.86	3.14
247.49	0.82	3.12
247.79	0.79	3.14
248.09	0.7	3.42
248.4	0.56	3.48
248.69	0.55	3.48
248.99	0.09	3.59
249.24	-0.41	3.2
249.29	-0.27	3.26
252.31	0.69	3.5
252.61	0.95	3.28
252.91	0.77	3.08
253.51	0.28	3.22
253.76	0.4	3.33
253.81	0.12	3.35
254.71	0.72	3.16
254.72	1.12	3.42
255.01	0.71	3.28
255.02	0.63	3.34
255.32	0.78	3.09
255.62	0.76	3.34
255.92	0.9	3.31
256.22	0.92	3.38
256.57	-0.39	2.92
256.62	-0.28	2.84
256.67	-0.09	3.27
256.72	-0.19	2.29
257.12	0.53	3.78
257.32	-0.08	3.47
257.37	-0.24	3.54
259.28	0.61	3.46
260.08	0.55	3.28
261.28	0.78	3.26
261.58	0.8	3.28
261.89	0.73	3.25
262.18	0.84	3.13
262.48	0.27	3.37
263.38	0.58	3.32
263.68	0.73	3.45
263.95	0.26	2.29
264.25	0.59	3.62
265.15	0.78	3.7
266.35	1.4	2.39
266.95	1.18	3.36
267	0.97	3.25
267.25	1.05	3.38
267.36	1.05	3.3
267.66	0.95	3.4
267.96	0.53	3.25
268.26	0.63	3.22
268.56	0.56	3.26
268.86	0.68	3.31
269.16	0.66	3.19
269.46	0.53	3.25
269.76	0.82	3.19
270	0.81	3.31
270.06	0.64	3.26
270.29	0.93	3.18
270.34	0.81	3.3
270.59	0.39	3.25
270.89	0.74	3.48
271.19	0.9	3.23
271.49	0.89	3.17
271.79	0.87	3.23
272.09	0.76	3.32
272.39	0.76	3.48
272.69	0.7	3.39
273	0.34	3.39
273.29	0.18	3.61
273.59	-0.12	3.93
274.19	0.25	3.87
274.49	0.29	4.1
274.79	0.09	3.95
275.09	0.18	3.59
275.39	0.51	3.73
275.69	-0.24	3.79
275.89	-0.07	3.55
277.1	-0.1	3.31
277.22	0.21	3.37
277.25	0.24	3.48
277.3	0.2	3.53
277.4	0.32	3.65
277.71	0.24	3.69
278.66	0.27	3.44
278.96	0.55	3.5
279.86	0.55	3.14
280.46	0.76	3.09
281.36	-0.01	3.09
281.66	0.13	3.05
281.96	0.52	3.18
282.26	0.81	3.08
284.36	-0.11	3.85
285.56	-0.55	3.16
285.86	0.24	3.46
286.17	0.27	3.16
286.46	0.22	3.5
287.06	0.44	3.31
287.36	0.59	3.25